0.0000000000000000e+00 -8.3753294980423469e-10 2.9829455187264469e-10 -1.0717630196744822e-10
1.0000000000000000e-02 -2.2388364247218684e+00 4.0532930281786950e-01 2.3800117861342285e-01
2.0000000000000000e-02 -4.0360483022648275e+00 6.5580054981611013e-01 4.5403680766410071e-01
2.9999999999999999e-02 -5.4905887643934115e+00 7.8833024634914484e-01 6.5228403980552119e-01
4.0000000000000001e-02 -6.6737377809380938e+00 8.2926754990380047e-01 8.3583462936892938e-01
5.0000000000000003e-02 -7.6382360023242946e+00 7.9792465970087711e-01 1.0070384060094195e+00
5.9999999999999998e-02 -8.4239981686553556e+00 7.0877538887570424e-01 1.1677216166271118e+00
7.0000000000000007e-02 -9.0618208388752564e+00 5.7287548158129198e-01 1.3193308902184657e+00
8.0000000000000002e-02 -9.5758650011074309e+00 3.9880923628210496e-01 1.4630311609174089e+00
8.9999999999999997e-02 -9.9853637915252591e+00 1.9333759978907850e-01 1.5997740832855694e+00
1.0000000000000001e-01 -1.0305825090573073e+01 -3.8147621830919576e-02 1.7303469603708286e+00
1.1000000000000000e-01 -1.0549896062420672e+01 -2.9129882381928596e-01 1.8554084604181991e+00
1.2000000000000000e-01 -1.0727996135198481e+01 -5.6257587357331218e-01 1.9755151676478753e+00
1.3000000000000000e-01 -1.0848788066065040e+01 -8.4907082328280481e-01 2.0911416419493456e+00
1.4000000000000001e-01 -1.0919533682201710e+01 -1.1483762129961050e+00 2.2026957966251537e+00
1.4999999999999999e-01 -1.0946366108239935e+01 -1.4584848148848195e+00 2.3105308428783999e+00
1.6000000000000000e-01 -1.0934500601651465e+01 -1.7777123972884112e+00 2.4149546788262795e+00
1.7000000000000001e-01 -1.0888399637969570e+01 -2.1046375733698497e+00 2.5162373504019326e+00
1.7999999999999999e-01 -1.0811903474933260e+01 -2.4380544877345756e+00 2.6146170393475998e+00
1.9000000000000000e-01 -1.0708334369285311e+01 -2.7769352602240005e+00 2.7103049131778079e+00
2.0000000000000001e-01 -1.0580580472121071e+01 -3.1203999233488489e+00 2.8034890866138680e+00
2.0999999999999999e-01 -1.0431163897655438e+01 -3.4676921707381680e+00 2.8943378825642796e+00
2.2000000000000000e-01 -1.0262296354768807e+01 -3.8181596522207428e+00 2.9830025359596966e+00
2.3000000000000001e-01 -1.0075924922895751e+01 -4.1712378558830920e+00 3.0696194507372709e+00
2.3999999999999999e-01 -9.8737699570207837e+00 -4.5264368419209333e+00 3.1543120956569011e+00
2.5000000000000000e-01 -9.6573566610466344e+00 -4.8833302601615003e+00 3.2371926060885534e+00
2.6000000000000001e-01 -9.4280415330683098e+00 -5.2415462086695896e+00 3.3183631448090152e+00
2.7000000000000002e-01 -9.1870346307793227e+00 -5.6007595860091186e+00 3.3979170640246656e+00
2.8000000000000003e-01 -8.5874000059295241e+00 -5.7175395963080078e+00 3.3369542854966738e+00
2.8999999999999998e-01 -8.0673001006964284e+00 -5.7906856497714543e+00 3.2746936268066427e+00
2.9999999999999999e-01 -7.6097718224310995e+00 -5.8308105398582555e+00 3.2118475169918170e+00
3.1000000000000000e-01 -7.2025529370812080e+00 -5.8454271804794899e+00 3.1488780209629161e+00
3.2000000000000001e-01 -6.8365261287233636e+00 -5.8400042377758865e+00 3.0860895638329686e+00
3.3000000000000002e-01 -6.5047500934873881e+00 -5.8186163067141194e+00 3.0236842842536289e+00
3.4000000000000002e-01 -6.2018325474632263e+00 -5.7843600279037233e+00 2.9617963163904193e+00
3.5000000000000003e-01 -5.9235110498896404e+00 -5.7396292085211797e+00 2.9005136853012203e+00
3.5999999999999999e-01 -5.6663648027118541e+00 -5.6863018736946103e+00 2.8398926596098661e+00
3.7000000000000000e-01 -5.4276116211070757e+00 -5.6258705620978233e+00 2.7799673703610139e+00
3.8000000000000000e-01 -5.2049618191379210e+00 -5.5595350367520169e+00 2.7207563804232988e+00
3.9000000000000001e-01 -4.9965110515689304e+00 -5.4882695037878904e+00 2.6622672443689175e+00
4.0000000000000002e-01 -4.8006603925230706e+00 -5.4128721705680505e+00 2.6044997175291704e+00
4.1000000000000003e-01 -4.6160558221828296e+00 -5.3340023349100818e+00 2.5474480409808820e+00
4.1999999999999998e-01 -4.4415417809183566e+00 -5.2522085199850466e+00 2.4911025845610153e+00
4.2999999999999999e-01 -4.2761250782234583e+00 -5.1679500793373023e+00 2.4354510377546510e+00
4.4000000000000000e-01 -4.1189465310907281e+00 -5.0816139731992394e+00 2.3804792782888979e+00
4.5000000000000001e-01 -3.9692584462549974e+00 -4.9935279284323286e+00 2.3261720085195967e+00
4.6000000000000002e-01 -3.8264065727055652e+00 -4.9039708583570985e+00 2.2725132229374152e+00
4.7000000000000003e-01 -3.6898155106975139e+00 -4.8131811840981698e+00 2.2194865518384197e+00
4.7999999999999998e-01 -3.5589768200637195e+00 -4.7213635329146797e+00 2.1670755135417608e+00
4.8999999999999999e-01 -3.4334392559571825e+00 -4.6286941697548656e+00 2.1152636986619440e+00
5.0000000000000000e-01 -3.3128006956623324e+00 -4.5353254316932379e+00 2.0640349036490591e+00
5.1000000000000001e-01 -3.1967014203296173e+00 -4.4413893713027619e+00 2.0133732262998194e+00
5.2000000000000002e-01 -3.0848184903760512e+00 -4.3470007678244826e+00 1.9632631326814476e+00
5.3000000000000003e-01 -2.9768610098180659e+00 -4.2522596296102222e+00 1.9136895025305023e+00
5.4000000000000004e-01 -2.8725661178199857e+00 -4.1572532845744803e+00 1.8646376584380657e+00
5.5000000000000004e-01 -2.7716955788079645e+00 -4.0620581349745777e+00 1.8160933828368069e+00
5.6000000000000005e-01 -2.6740328681022163e+00 -3.9667411371464567e+00 1.7680429258344788e+00
5.7000000000000006e-01 -2.5793806699766719e+00 -3.8713610546800226e+00 1.7204730062192179e+00
5.7999999999999996e-01 -2.4875587207496608e+00 -3.7759695240143998e+00 1.6733708074041214e+00
5.8999999999999997e-01 -2.3984019419287961e+00 -3.6806119640072410e+00 1.6267239696709623e+00
5.9999999999999998e-01 -2.3117588183026783e+00 -3.5853283551194437e+00 1.5805205797516209e+00
6.0999999999999999e-01 -2.2274899838009787e+00 -3.4901539091922729e+00 1.5347491585438653e+00
6.2000000000000000e-01 -2.1454669842981389e+00 -3.3951196470450640e+00 1.4893986475726706e+00
6.3000000000000000e-01 -2.0655711917129338e+00 -3.3002528981040058e+00 1.4444583946607046e+00
6.4000000000000001e-01 -1.9876928479774847e+00 -3.2055777338488411e+00 1.3999181391673925e+00
6.5000000000000002e-01 -1.9117302208279341e+00 -3.1111153448822648e+00 1.3557679970649161e+00
6.6000000000000003e-01 -1.8375888562744080e+00 -3.0168843698167080e+00 1.3119984460516321e+00
6.7000000000000004e-01 -1.7651809148766517e+00 -2.9229011828547868e+00 1.2686003108578112e+00
6.8000000000000005e-01 -1.6944245809185077e+00 -2.8291801458447452e+00 1.2255647488506347e+00
6.9000000000000006e-01 -1.6252435351738370e+00 -2.7357338297040457e+00 1.1828832360214629e+00
7.0000000000000007e-01 -1.5575664833114899e+00 -2.6425732093493082e+00 1.1405475534092584e+00
7.0999999999999996e-01 -1.4913267331053248e+00 -2.5497078356586655e+00 1.0985497739959271e+00
7.1999999999999997e-01 -1.4264618145759300e+00 -2.4571459874660917e+00 1.0568822500982122e+00
7.2999999999999998e-01 -1.3629131379865100e+00 -2.3648948061595121e+00 1.0155376012646637e+00
7.3999999999999999e-01 -1.3006256853017817e+00 -2.2729604150850236e+00 9.7450870268301537e-01
7.5000000000000000e-01 -1.2395477312935554e+00 -2.1813480256518858e+00 9.3378867409145516e-01
7.6000000000000001e-01 -1.1796305909747673e+00 -2.0900620317760854e+00 8.9337086918857744e-01
7.7000000000000002e-01 -1.1208283904608152e+00 -1.9991060940633076e+00 8.5324886552614987e-01
7.8000000000000003e-01 -1.0630978587300888e+00 -1.9084832149676600e+00 8.1341645487474545e-01
7.9000000000000004e-01 -1.0063981380547204e+00 -1.8181958059841463e+00 7.7386763404175463e-01
8.0000000000000004e-01 -9.5069061115182762e-01 -1.7282457477968194e+00 7.3459659612874861e-01
8.1000000000000005e-01 -8.9593874332365431e-01 -1.6386344441880141e+00 6.9559772220664229e-01
8.2000000000000006e-01 -8.4210793808807693e-01 -1.5493628704206230e+00 6.5686557339195895e-01
8.3000000000000007e-01 -7.8916540492954823e-01 -1.4604316167059039e+00 6.1839488330737902e-01
8.3999999999999997e-01 -7.3708003799950461e-01 -1.3718409272954091e+00 5.8018055090668008e-01
8.4999999999999998e-01 -6.8582230469758088e-01 -1.2835907356826937e+00 5.4221763364724995e-01
8.5999999999999999e-01 -6.3536414319571577e-01 -1.1956806963205224e+00 5.0450134099217325e-01
8.7000000000000000e-01 -5.8567886805747094e-01 -1.1081102132383336e+00 4.6702702822791764e-01
8.8000000000000000e-01 -5.3674108322923075e-01 -1.0208784658736647e+00 4.2979019057985590e-01
8.9000000000000001e-01 -4.8852660169202977e-01 -9.3398443241206053e-01 3.9278645760892539e-01
9.0000000000000002e-01 -4.4101237120841574e-01 -8.4742691089800815e-01 3.5601158787734732e-01
9.1000000000000003e-01 -3.9417640560799327e-01 -7.6120453833219415e-01 3.1946146386860147e-01
9.2000000000000004e-01 -3.4799772113700556e-01 -6.7531580796433843e-01 2.8313208714862981e-01
9.3000000000000005e-01 -3.0245627741791736e-01 -5.8975908496385898e-01 2.4701957375358558e-01
9.4000000000000006e-01 -2.5753292265378036e-01 -5.0453262062433168e-01 2.1112014979713933e-01
9.5000000000000007e-01 -2.1320934269084546e-01 -4.1963456524740650e-01 1.7543014727886924e-01
9.5999999999999996e-01 -1.6946801364241537e-01 -3.3506297983549871e-01 1.3994600008947108e-01
9.6999999999999997e-01 -1.2629215778048319e-01 -2.5081584669806034e-01 1.0466424019976255e-01
9.7999999999999998e-01 -8.3665702413071585e-02 -1.6689107909577672e-01 6.9581494022941115e-02
9.8999999999999999e-01 -4.1573241531978056e-02 -8.3286529990544977e-02 3.4694478943227601e-02
1.0000000000000000e+00 0.0000000000000000e+00 0.0000000000000000e+00 0.0000000000000000e+00
